{"animation": [{"name": "Root", "time": [0.0, 0.05, 0.1, 0.15, 0.2, 0.3, 0.42, 0.55, 0.8], "transform": [[0.854689, 0.0, -0.51914, -5e-06, -0.51914, 0.0, -0.854689, 0.000946, 0.0, 1.0, 0.0, 0.755725, 0.0, 0.0, 0.0, 1.0], [0.854689, 0.0, -0.51914, -5e-06, -0.51914, 0.0, -0.854689, 0.000946, 0.0, 1.0, 0.0, 0.755725, 0.0, 0.0, 0.0, 1.0], [0.854689, 0.0, -0.51914, -5e-06, -0.51914, 0.0, -0.854689, 0.000946, 0.0, 1.0, 0.0, 0.755725, 0.0, 0.0, 0.0, 1.0], [0.854689, 0.0, -0.51914, -5e-06, -0.51914, 0.0, -0.854689, 0.000946, 0.0, 1.0, 0.0, 0.755725, 0.0, 0.0, 0.0, 1.0], [0.854689, 0.0, -0.51914, -5e-06, -0.51914, 0.0, -0.854689, 0.000946, 0.0, 1.0, 0.0, 0.755725, 0.0, 0.0, 0.0, 1.0], [0.854689, 0.0, -0.51914, -5e-06, -0.51914, 0.0, -0.854689, 0.000946, 0.0, 1.0, 0.0, 0.755725, 0.0, 0.0, 0.0, 1.0], [0.8145344999999999, 0.001028, -0.5759285000000001, -5e-06, -0.575907, 0.0073255, -0.8144845000000001, 0.000946, 0.0038395, 0.9999454999999999, 0.006323, 0.7483059999999999, 0.0, 0.0, 0.0, 1.0], [0.77438, 0.002056, -0.632717, -5e-06, -0.632674, 0.014651, -0.77428, 0.000946, 0.007679, 0.999891, 0.012646, 0.740887, 0.0, 0.0, 0.0, 1.0], [0.77438, 0.002056, -0.632717, -5e-06, -0.632674, 0.014651, -0.77428, 0.000946, 0.007679, 0.999891, 0.012646, 0.740887, 0.0, 0.0, 0.0, 1.0]]}, {"name": "Thigh_R", "time": [0.0, 0.05, 0.1, 0.15, 0.2, 0.3, 0.42, 0.55, 0.8], "transform": [[0.996123, 0.056386, -0.067528, 0.124994, 0.068868, -0.977428, 0.199728, -0.002831, -0.054742, -0.203604, -0.977522, -1.2e-05, 0.0, 0.0, 0.0, 1.0], [0.996123, 0.056386, -0.067528, 0.124994, 0.068868, -0.977428, 0.199728, -0.002831, -0.054742, -0.203604, -0.977522, -1.2e-05, 0.0, 0.0, 0.0, 1.0], [0.996123, 0.056386, -0.067528, 0.124994, 0.068868, -0.977428, 0.199728, -0.002831, -0.054742, -0.203604, -0.977522, -1.2e-05, 0.0, 0.0, 0.0, 1.0], [0.996123, 0.056386, -0.067528, 0.124994, 0.068868, -0.977428, 0.199728, -0.002831, -0.054742, -0.203604, -0.977522, -1.2e-05, 0.0, 0.0, 0.0, 1.0], [0.996123, 0.056386, -0.067528, 0.124994, 0.068868, -0.977428, 0.199728, -0.002831, -0.054742, -0.203604, -0.977522, -1.2e-05, 0.0, 0.0, 0.0, 1.0], [0.996123, 0.056386, -0.067528, 0.124994, 0.068868, -0.977428, 0.199728, -0.002831, -0.054742, -0.203604, -0.977522, -1.2e-05, 0.0, 0.0, 0.0, 1.0], [0.944924, 0.15966149999999998, 0.1479765, 0.124994, 0.113183, -0.959992, 0.24715399999999998, -0.002831, 0.1826575, -0.2048145, -0.930662, -1.2e-05, 0.0, 0.0, 0.0, 1.0], [0.893725, 0.262937, 0.363481, 0.124994, 0.157498, -0.942556, 0.29458, -0.002831, 0.420057, -0.206025, -0.883802, -1.2e-05, 0.0, 0.0, 0.0, 1.0], [0.893725, 0.262937, 0.363481, 0.124994, 0.157498, -0.942556, 0.29458, -0.002831, 0.420057, -0.206025, -0.883802, -1.2e-05, 0.0, 0.0, 0.0, 1.0]]}, {"name": "Leg_R", "time": [0.0, 0.05, 0.1, 0.15, 0.2, 0.3, 0.42, 0.55, 0.8], "transform": [[1.0, -0.0, 2e-06, -0.0, -0.0, 0.966098, 0.258173, 0.37472, -2e-06, -0.258173, 0.966099, -0.0, 0.0, 0.0, 0.0, 1.0], [1.0, -0.0, 2e-06, -0.0, -0.0, 0.966098, 0.258173, 0.37472, -2e-06, -0.258173, 0.966099, -0.0, 0.0, 0.0, 0.0, 1.0], [1.0, -0.0, 2e-06, -0.0, -0.0, 0.966098, 0.258173, 0.37472, -2e-06, -0.258173, 0.966099, -0.0, 0.0, 0.0, 0.0, 1.0], [1.0, -0.0, 2e-06, -0.0, -0.0, 0.966098, 0.258173, 0.37472, -2e-06, -0.258173, 0.966099, -0.0, 0.0, 0.0, 0.0, 1.0], [1.0, -0.0, 2e-06, -0.0, -0.0, 0.966098, 0.258173, 0.37472, -2e-06, -0.258173, 0.966099, -0.0, 0.0, 0.0, 0.0, 1.0], [1.0, -0.0, 2e-06, -0.0, -0.0, 0.966098, 0.258173, 0.37472, -2e-06, -0.258173, 0.966099, -0.0, 0.0, 0.0, 0.0, 1.0], [1.0, -0.0, 1.5e-06, -0.0, -0.0, 0.9491025, 0.31018, 0.37472, -1.5e-06, -0.310181, 0.949101, -0.0, 0.0, 0.0, 0.0, 1.0], [1.0, -0.0, 1e-06, -0.0, -0.0, 0.932107, 0.362187, 0.37472, -1e-06, -0.362189, 0.932103, -0.0, 0.0, 0.0, 0.0, 1.0], [1.0, -0.0, 1e-06, -0.0, -0.0, 0.932107, 0.362187, 0.37472, -1e-06, -0.362189, 0.932103, -0.0, 0.0, 0.0, 0.0, 1.0]]}, {"name": "Knee_R", "time": [0.0, 0.05, 0.1, 0.15, 0.2, 0.3, 0.42, 0.55, 0.8], "transform": [[1.0, 0.0, -0.0, -0.0, -0.0, 1e-06, -1.0, 0.37472, -0.0, 1.0, 1e-06, -0.0, 0.0, 0.0, 0.0, 1.0], [1.0, 0.0, -0.0, -0.0, -0.0, 1e-06, -1.0, 0.37472, -0.0, 1.0, 1e-06, -0.0, 0.0, 0.0, 0.0, 1.0], [1.0, 0.0, -0.0, -0.0, -0.0, 1e-06, -1.0, 0.37472, -0.0, 1.0, 1e-06, -0.0, 0.0, 0.0, 0.0, 1.0], [1.0, 0.0, -0.0, -0.0, -0.0, 1e-06, -1.0, 0.37472, -0.0, 1.0, 1e-06, -0.0, 0.0, 0.0, 0.0, 1.0], [1.0, 0.0, -0.0, -0.0, -0.0, 1e-06, -1.0, 0.37472, -0.0, 1.0, 1e-06, -0.0, 0.0, 0.0, 0.0, 1.0], [1.0, 0.0, -0.0, -0.0, -0.0, 1e-06, -1.0, 0.37472, -0.0, 1.0, 1e-06, -0.0, 0.0, 0.0, 0.0, 1.0], [1.0, 0.0, -0.0, -0.0, -0.0, 1e-06, -1.0, 0.37472, -0.0, 1.0, 1e-06, -0.0, 0.0, 0.0, 0.0, 1.0], [1.0, 0.0, -0.0, -0.0, -0.0, 1e-06, -1.0, 0.37472, -0.0, 1.0, 1e-06, -0.0, 0.0, 0.0, 0.0, 1.0], [1.0, 0.0, -0.0, -0.0, -0.0, 1e-06, -1.0, 0.37472, -0.0, 1.0, 1e-06, -0.0, 0.0, 0.0, 0.0, 1.0]]}, {"name": "Thigh_L", "time": [0.0, 0.05, 0.1, 0.15, 0.2, 0.3, 0.42, 0.55, 0.8], "transform": [[0.866589, -0.133702, -0.480778, -0.125006, -0.027838, -0.974889, 0.220935, -0.002831, -0.498245, -0.178075, -0.848552, -1.2e-05, 0.0, 0.0, 0.0, 1.0], [0.866589, -0.133702, -0.480778, -0.125006, -0.027838, -0.974889, 0.220935, -0.002831, -0.498245, -0.178075, -0.848552, -1.2e-05, 0.0, 0.0, 0.0, 1.0], [0.866589, -0.133702, -0.480778, -0.125006, -0.027838, -0.974889, 0.220935, -0.002831, -0.498245, -0.178075, -0.848552, -1.2e-05, 0.0, 0.0, 0.0, 1.0], [0.866589, -0.133702, -0.480778, -0.125006, -0.027838, -0.974889, 0.220935, -0.002831, -0.498245, -0.178075, -0.848552, -1.2e-05, 0.0, 0.0, 0.0, 1.0], [0.866589, -0.133702, -0.480778, -0.125006, -0.027838, -0.974889, 0.220935, -0.002831, -0.498245, -0.178075, -0.848552, -1.2e-05, 0.0, 0.0, 0.0, 1.0], [0.866589, -0.133702, -0.480778, -0.125006, -0.027838, -0.974889, 0.220935, -0.002831, -0.498245, -0.178075, -0.848552, -1.2e-05, 0.0, 0.0, 0.0, 1.0], [0.795783, -0.196817, -0.55931, -0.14286300000000002, -0.0218605, -0.9535045, 0.29136850000000003, -0.002353, -0.593417, -0.215121, -0.764223, 0.0165065, 0.0, 0.0, 0.0, 1.0], [0.724977, -0.259932, -0.637842, -0.16072, -0.015883, -0.93212, 0.361802, -0.001875, -0.688589, -0.252167, -0.679894, 0.033025, 0.0, 0.0, 0.0, 1.0], [0.724977, -0.259932, -0.637842, -0.16072, -0.015883, -0.93212, 0.361802, -0.001875, -0.688589, -0.252167, -0.679894, 0.033025, 0.0, 0.0, 0.0, 1.0]]}, {"name": "Leg_L", "time": [0.0, 0.05, 0.1, 0.15, 0.2, 0.3, 0.42, 0.55, 0.8], "transform": [[1.0, -0.0, 1e-06, 0.0, 0.0, 0.984974, 0.172708, 0.37472, -1e-06, -0.172708, 0.984972, 0.0, 0.0, 0.0, 0.0, 1.0], [1.0, -0.0, 1e-06, 0.0, 0.0, 0.984974, 0.172708, 0.37472, -1e-06, -0.172708, 0.984972, 0.0, 0.0, 0.0, 0.0, 1.0], [1.0, -0.0, 1e-06, 0.0, 0.0, 0.984974, 0.172708, 0.37472, -1e-06, -0.172708, 0.984972, 0.0, 0.0, 0.0, 0.0, 1.0], [1.0, -0.0, 1e-06, 0.0, 0.0, 0.984974, 0.172708, 0.37472, -1e-06, -0.172708, 0.984972, 0.0, 0.0, 0.0, 0.0, 1.0], [1.0, -0.0, 1e-06, 0.0, 0.0, 0.984974, 0.172708, 0.37472, -1e-06, -0.172708, 0.984972, 0.0, 0.0, 0.0, 0.0, 1.0], [1.0, -0.0, 1e-06, 0.0, 0.0, 0.984974, 0.172708, 0.37472, -1e-06, -0.172708, 0.984972, 0.0, 0.0, 0.0, 0.0, 1.0], [1.0, -5e-07, 1e-06, 0.0, 0.0, 0.9505125, 0.286885, 0.37472, -1e-06, -0.286885, 0.9505115, 0.0, 0.0, 0.0, 0.0, 1.0], [1.0, -1e-06, 1e-06, 0.0, 0.0, 0.916051, 0.401062, 0.37472, -1e-06, -0.401062, 0.916051, -0.0, 0.0, 0.0, 0.0, 1.0], [1.0, -1e-06, 1e-06, 0.0, 0.0, 0.916051, 0.401062, 0.37472, -1e-06, -0.401062, 0.916051, -0.0, 0.0, 0.0, 0.0, 1.0]]}, {"name": "Knee_L", "time": [0.0, 0.05, 0.1, 0.15, 0.2, 0.3, 0.42, 0.55, 0.8], "transform": [[1.0, 0.0, -0.0, 0.0, -0.0, 1e-06, -1.0, 0.37472, -0.0, 1.0, 1e-06, 0.0, 0.0, 0.0, 0.0, 1.0], [1.0, 0.0, -0.0, 0.0, -0.0, 1e-06, -1.0, 0.37472, -0.0, 1.0, 1e-06, 0.0, 0.0, 0.0, 0.0, 1.0], [1.0, 0.0, -0.0, 0.0, -0.0, 1e-06, -1.0, 0.37472, -0.0, 1.0, 1e-06, 0.0, 0.0, 0.0, 0.0, 1.0], [1.0, 0.0, -0.0, 0.0, -0.0, 1e-06, -1.0, 0.37472, -0.0, 1.0, 1e-06, 0.0, 0.0, 0.0, 0.0, 1.0], [1.0, 0.0, -0.0, 0.0, -0.0, 1e-06, -1.0, 0.37472, -0.0, 1.0, 1e-06, 0.0, 0.0, 0.0, 0.0, 1.0], [1.0, 0.0, -0.0, 0.0, -0.0, 1e-06, -1.0, 0.37472, -0.0, 1.0, 1e-06, 0.0, 0.0, 0.0, 0.0, 1.0], [1.0, 0.0, -0.0, 0.0, -0.0, 1e-06, -1.0, 0.37522500000000003, -0.0, 1.0, 1e-06, 0.0, 0.0, 0.0, 0.0, 1.0], [1.0, 0.0, -0.0, 0.0, -0.0, 1e-06, -1.0, 0.37573, -0.0, 1.0, 1e-06, -0.0, 0.0, 0.0, 0.0, 1.0], [1.0, 0.0, -0.0, 0.0, -0.0, 1e-06, -1.0, 0.37573, -0.0, 1.0, 1e-06, -0.0, 0.0, 0.0, 0.0, 1.0]]}, {"name": "Torso", "time": [0.0, 0.05, 0.1, 0.15, 0.2, 0.3, 0.42, 0.55, 0.8], "transform": [[0.99978, -0.020971, -0.000197, -0.0, 0.020971, 0.999603, 0.018833, 0.05, -0.000198, -0.018833, 0.999823, 0.0, 0.0, 0.0, 0.0, 1.0], [0.99978, -0.020971, -0.000197, -0.0, 0.020971, 0.999603, 0.018833, 0.05, -0.000198, -0.018833, 0.999823, 0.0, 0.0, 0.0, 0.0, 1.0], [0.99978, -0.020971, -0.000197, -0.0, 0.020971, 0.999603, 0.018833, 0.05, -0.000198, -0.018833, 0.999823, 0.0, 0.0, 0.0, 0.0, 1.0], [0.99978, -0.020971, -0.000197, -0.0, 0.020971, 0.999603, 0.018833, 0.05, -0.000198, -0.018833, 0.999823, 0.0, 0.0, 0.0, 0.0, 1.0], [0.99978, -0.020971, -0.000197, -0.0, 0.020971, 0.999603, 0.018833, 0.05, -0.000198, -0.018833, 0.999823, 0.0, 0.0, 0.0, 0.0, 1.0], [0.99978, -0.020971, -0.000197, -0.0, 0.020971, 0.999603, 0.018833, 0.05, -0.000198, -0.018833, 0.999823, 0.0, 0.0, 0.0, 0.0, 1.0], [0.99989, -0.0104855, -9.85e-05, -0.0, 0.0104855, 0.9998015, 0.0094165, 0.05, -9.9e-05, -0.0094165, 0.9999115000000001, 0.0, 0.0, 0.0, 0.0, 1.0], [1.0, -0.0, -0.0, -0.0, -0.0, 1.0, 0.0, 0.05, 0.0, 0.0, 1.0, -0.0, 0.0, 0.0, 0.0, 1.0], [1.0, -0.0, -0.0, -0.0, -0.0, 1.0, 0.0, 0.05, 0.0, 0.0, 1.0, -0.0, 0.0, 0.0, 0.0, 1.0]]}, {"name": "Chest", "time": [0.0, 0.05, 0.1, 0.15, 0.2, 0.3, 0.42, 0.55, 0.8], "transform": [[0.999771, -0.021411, -0.000206, -0.0, 0.021411, 0.999586, 0.019228, 0.3, -0.000206, -0.019228, 0.999815, -0.0, 0.0, 0.0, 0.0, 1.0], [0.999771, -0.021411, -0.000206, -0.0, 0.021411, 0.999586, 0.019228, 0.3, -0.000206, -0.019228, 0.999815, -0.0, 0.0, 0.0, 0.0, 1.0], [0.999771, -0.021411, -0.000206, -0.0, 0.021411, 0.999586, 0.019228, 0.3, -0.000206, -0.019228, 0.999815, -0.0, 0.0, 0.0, 0.0, 1.0], [0.999771, -0.021411, -0.000206, -0.0, 0.021411, 0.999586, 0.019228, 0.3, -0.000206, -0.019228, 0.999815, -0.0, 0.0, 0.0, 0.0, 1.0], [0.999771, -0.021411, -0.000206, -0.0, 0.021411, 0.999586, 0.019228, 0.3, -0.000206, -0.019228, 0.999815, -0.0, 0.0, 0.0, 0.0, 1.0], [0.999771, -0.021411, -0.000206, -0.0, 0.021411, 0.999586, 0.019228, 0.3, -0.000206, -0.019228, 0.999815, -0.0, 0.0, 0.0, 0.0, 1.0], [0.999863, -0.015422, 0.000274, -0.0, 0.015417, 0.9997375, 0.0153755, 0.3, -0.0005345, -0.015372, 0.9998739999999999, -0.0, 0.0, 0.0, 0.0, 1.0], [0.999955, -0.009433, 0.000754, -0.0, 0.009423, 0.999889, 0.011523, 0.3, -0.000863, -0.011516, 0.999933, -0.0, 0.0, 0.0, 0.0, 1.0], [0.999955, -0.009433, 0.000754, -0.0, 0.009423, 0.999889, 0.011523, 0.3, -0.000863, -0.011516, 0.999933, -0.0, 0.0, 0.0, 0.0, 1.0]]}, {"name": "Head", "time": [0.0, 0.05, 0.1, 0.15, 0.2, 0.3, 0.42, 0.55, 0.8], "transform": [[0.85311, 0.037721, 0.520365, 0.0, -0.006297, 0.998055, -0.062025, 0.4, -0.521693, 0.049637, 0.851688, 0.0, 0.0, 0.0, 0.0, 1.0], [0.85311, 0.037721, 0.520365, 0.0, -0.006297, 0.998055, -0.062025, 0.4, -0.521693, 0.049637, 0.851688, 0.0, 0.0, 0.0, 0.0, 1.0], [0.85311, 0.037721, 0.520365, 0.0, -0.006297, 0.998055, -0.062025, 0.4, -0.521693, 0.049637, 0.851688, 0.0, 0.0, 0.0, 0.0, 1.0], [0.85311, 0.037721, 0.520365, 0.0, -0.006297, 0.998055, -0.062025, 0.4, -0.521693, 0.049637, 0.851688, 0.0, 0.0, 0.0, 0.0, 1.0], [0.85311, 0.037721, 0.520365, 0.0, -0.006297, 0.998055, -0.062025, 0.4, -0.521693, 0.049637, 0.851688, 0.0, 0.0, 0.0, 0.0, 1.0], [0.85311, 0.037721, 0.520365, 0.0, -0.006297, 0.998055, -0.062025, 0.4, -0.521693, 0.049637, 0.851688, 0.0, 0.0, 0.0, 0.0, 1.0], [0.8151555, 0.029238, 0.5746374999999999, 0.0, 1.7500000000000154e-05, 0.9986010000000001, -0.0514115, 0.4, -0.5754565, 0.042664, 0.8140475, 0.0, 0.0, 0.0, 0.0, 1.0], [0.777201, 0.020755, 0.62891, 0.0, 0.006332, 0.999147, -0.040798, 0.4, -0.62922, 0.035691, 0.776407, 0.0, 0.0, 0.0, 0.0, 1.0], [0.777201, 0.020755, 0.62891, 0.0, 0.006332, 0.999147, -0.040798, 0.4, -0.62922, 0.035691, 0.776407, 0.0, 0.0, 0.0, 0.0, 1.0]]}, {"name": "Shoulder_R", "time": [0.0, 0.05, 0.1, 0.15, 0.2, 0.3, 0.42, 0.55, 0.8], "transform": [[0.089555, 0.949274, 0.301428, 0.0, -0.003656, -0.302328, 0.953197, 0.4, 0.995975, -0.086466, -0.023605, 0.0, 0.0, 0.0, 0.0, 1.0], [0.089555, 0.949274, 0.301428, 0.0, -0.003656, -0.302328, 0.953197, 0.4, 0.995975, -0.086466, -0.023605, 0.0, 0.0, 0.0, 0.0, 1.0], [0.089555, 0.949274, 0.301428, 0.0, -0.003656, -0.302328, 0.953197, 0.4, 0.995975, -0.086466, -0.023605, 0.0, 0.0, 0.0, 0.0, 1.0], [0.089555, 0.949274, 0.301428, 0.0, -0.003656, -0.302328, 0.953197, 0.4, 0.995975, -0.086466, -0.023605, 0.0, 0.0, 0.0, 0.0, 1.0], [0.089555, 0.949274, 0.301428, 0.0, -0.003656, -0.302328, 0.953197, 0.4, 0.995975, -0.086466, -0.023605, 0.0, 0.0, 0.0, 0.0, 1.0], [0.089555, 0.949274, 0.301428, 0.0, -0.003656, -0.302328, 0.953197, 0.4, 0.995975, -0.086466, -0.023605, 0.0, 0.0, 0.0, 0.0, 1.0], [0.091517, 0.9506939999999999, 0.296265, 0.0, 0.14372300000000002, -0.3040355, 0.929859, 0.4, 0.9740445, -0.043233, -0.164674, 0.0, 0.0, 0.0, 0.0, 1.0], [0.093479, 0.952114, 0.291102, 0.0, 0.291102, -0.305743, 0.906521, 0.4, 0.952114, 0.0, -0.305743, 0.0, 0.0, 0.0, 0.0, 1.0], [0.093479, 0.952114, 0.291102, 0.0, 0.291102, -0.305743, 0.906521, 0.4, 0.952114, 0.0, -0.305743, 0.0, 0.0, 0.0, 0.0, 1.0]]}, {"name": "Arm_R", "time": [0.0, 0.05, 0.1, 0.15, 0.2, 0.3, 0.42, 0.55, 0.8], "transform": [[0.021071, 0.013447, -0.999687, 0.0, 0.946416, 0.322036, 0.02428, 0.39386, 0.322262, -0.946632, -0.005941, 0.0, 0.0, 0.0, 0.0, 1.0], [0.21358655957372788, -0.9132937427786819, -0.3468075719915283, 0.0, 0.8675525860179429, 0.34053356089897535, -0.362476415340713, 0.39386, 0.44914732639083843, -0.2234537621786008, 0.865063158492539, 0.0, 0.0, 0.0, 0.0, 1.0], [0.5865085750381315, -0.5029139155520796, 0.63488966151938, 0.0, 0.7639618026154537, 0.08314600861480996, -0.63988172455101, 0.39386, 0.2690168847717316, 0.8603281265450419, 0.4329727568005087, 0.0, 0.0, 0.0, 0.0, 1.0], [0.45500497318815414, 0.6794736273541346, 0.5755743520530033, 0.0, 0.8039436513541653, -0.035484776691923944, -0.5936455774825244, 0.39386, -0.3829426961862302, 0.7328414363846649, -0.5624037743865216, 0.0, 0.0, 0.0, 0.0, 1.0], [0.45500497318815414, 0.6794736273541346, 0.5755743520530033, 0.0, 0.8039436513541653, -0.035484776691923944, -0.5936455774825244, 0.39386, -0.3829426961862302, 0.7328414363846649, -0.5624037743865216, 0.0, 0.0, 0.0, 0.0, 1.0], [0.5865085750381315, -0.5029139155520796, 0.63488966151938, 0.0, 0.7639618026154537, 0.08314600861480996, -0.63988172455101, 0.39386, 0.2690168847717316, 0.8603281265450419, 0.4329727568005087, 0.0, 0.0, 0.0, 0.0, 1.0], [0.2613083644794132, -0.625115500151421, -0.7354920462680293, 0.0, 0.8706920868299357, 0.48156486126150466, -0.09995286053895291, 0.39386, 0.41666920762737647, -0.6142685860994574, 0.670120045623579, 0.0, 0.0, 0.0, 0.0, 1.0], [0.316586, -0.183256, -0.930694, -0.008645, 0.856834, 0.476182, 0.1977, 0.401786, 0.40695, -0.86004, 0.307772, -0.024755, 0.0, 0.0, 0.0, 1.0], [0.316586, -0.183256, -0.930694, -0.008645, 0.856834, 0.476182, 0.1977, 0.401786, 0.40695, -0.86004, 0.307772, -0.024755, 0.0, 0.0, 0.0, 1.0]]}, {"name": "Hand_R", "time": [0.0, 0.05, 0.1, 0.15, 0.2, 0.3, 0.42, 0.55, 0.8], "transform": [[0.999985, 0.001325, 0.005391, 0.0, -0.00125, 0.999903, -0.013885, 0.3, -0.005409, 0.013878, 0.999889, 0.0, 0.0, 0.0, 0.0, 1.0], [0.9940955180505573, 0.05300175040570343, -0.09468323740623648, 0.0, -0.0875740281226699, 0.9071156085881913, -0.41166984618021885, 0.3, 0.0640694200860601, 0.41753094149967707, 0.9064011376318043, 0.0, 0.0, 0.0, 0.0, 1.0], [0.9767626173175796, 0.059337306913359186, -0.2059462877042974, 0.0, -0.19354484154224422, 0.6569559574248769, -0.7286626546738558, 0.3, 0.09206076104019018, 0.7515902833407527, 0.6531744501007888, 0.0, 0.0, 0.0, 0.0, 1.0], [0.9415285123518452, -0.0035014628265323017, -0.33691629617110275, 0.0, -0.33203051842165976, 0.16034211060098044, -0.9295407807679277, 0.3, 0.05727665555150047, 0.9870554752616985, 0.14980392081216437, 0.0, 0.0, 0.0, 0.0, 1.0], [0.9415285123518452, -0.0035014628265323017, -0.33691629617110275, 0.0, -0.33203051842165976, 0.16034211060098044, -0.9295407807679277, 0.3, 0.05727665555150047, 0.9870554752616985, 0.14980392081216437, 0.0, 0.0, 0.0, 0.0, 1.0], [0.9767626173175796, 0.059337306913359186, -0.2059462877042974, 0.0, -0.19354484154224422, 0.6569559574248769, -0.7286626546738558, 0.3, 0.09206076104019018, 0.7515902833407527, 0.6531744501007888, 0.0, 0.0, 0.0, 0.0, 1.0], [0.9985135789427477, 0.030287512144343966, -0.04531334544095463, 0.0, -0.041315443284172235, 0.9628537898150819, -0.266843799974754, 0.3, 0.03554809155464488, 0.26831929868505616, 0.9626739256570639, 0.0, 0.0, 0.0, 0.0, 1.0], [1.0, 0.0, 0.0, 0.0, -0.0, 0.993559, -0.113314, 0.3, -0.0, 0.113314, 0.993559, 0.0, 0.0, 0.0, 0.0, 1.0], [1.0, 0.0, 0.0, 0.0, -0.0, 0.993559, -0.113314, 0.3, -0.0, 0.113314, 0.993559, 0.0, 0.0, 0.0, 0.0, 1.0]]}, {"name": "Tool_R", "time": [0.0, 0.05, 0.1, 0.15, 0.2, 0.3, 0.42, 0.55, 0.8], "transform": [[1.0, 0.0, 0.0, 0.0, 0.0, -0.999836, 0.018122, 0.272858, 0.0, -0.018122, -0.999244, -0.0, 0.0, 0.0, 0.0, 1.0], [1.0, 0.0, 0.0, 0.0, 0.0, -0.999836, 0.018122, 0.272858, 0.0, -0.018122, -0.999244, -0.0, 0.0, 0.0, 0.0, 1.0], [1.0, 0.0, 0.0, 0.0, 0.0, -0.999836, 0.018122, 0.272858, 0.0, -0.018122, -0.999244, -0.0, 0.0, 0.0, 0.0, 1.0], [1.0, 0.0, 0.0, 0.0, 0.0, -0.999836, 0.018122, 0.272858, 0.0, -0.018122, -0.999244, -0.0, 0.0, 0.0, 0.0, 1.0], [1.0, 0.0, 0.0, 0.0, 0.0, -0.999836, 0.018122, 0.272858, 0.0, -0.018122, -0.999244, -0.0, 0.0, 0.0, 0.0, 1.0], [1.0, 0.0, 0.0, 0.0, 0.0, -0.999836, 0.018122, 0.272858, 0.0, -0.018122, -0.999244, -0.0, 0.0, 0.0, 0.0, 1.0], [1.0, 0.0, 0.0, 0.0, 0.0, -0.9659625, -0.17205350000000003, 0.272858, 0.0, 0.1719405, -0.9653915, -0.0, 0.0, 0.0, 0.0, 1.0], [1.0, -0.0, 0.0, 0.0, 0.0, -0.932089, -0.362229, 0.272858, 0.0, 0.362003, -0.931539, -0.0, 0.0, 0.0, 0.0, 1.0], [1.0, -0.0, 0.0, 0.0, 0.0, -0.932089, -0.362229, 0.272858, 0.0, 0.362003, -0.931539, -0.0, 0.0, 0.0, 0.0, 1.0]]}, {"name": "Elbow_R", "time": [0.0, 0.05, 0.1, 0.15, 0.2, 0.3, 0.42, 0.55, 0.8], "transform": [[-1.0, 0.0, -0.0, 0.0, 0.0, -0.0, -1.0, 0.3, -0.0, -1.0, 0.0, 0.0, 0.0, 0.0, 0.0, 1.0], [-1.0, 0.0, -0.0, 0.0, 0.0, -0.0, -1.0, 0.3, -0.0, -1.0, 0.0, 0.0, 0.0, 0.0, 0.0, 1.0], [-1.0, 0.0, -0.0, 0.0, 0.0, -0.0, -1.0, 0.3, -0.0, -1.0, 0.0, 0.0, 0.0, 0.0, 0.0, 1.0], [-1.0, 0.0, -0.0, 0.0, 0.0, -0.0, -1.0, 0.3, -0.0, -1.0, 0.0, 0.0, 0.0, 0.0, 0.0, 1.0], [-1.0, 0.0, -0.0, 0.0, 0.0, -0.0, -1.0, 0.3, -0.0, -1.0, 0.0, 0.0, 0.0, 0.0, 0.0, 1.0], [-1.0, 0.0, -0.0, 0.0, 0.0, -0.0, -1.0, 0.3, -0.0, -1.0, 0.0, 0.0, 0.0, 0.0, 0.0, 1.0], [-1.0, 0.0, -0.0, 0.0, 0.0, -0.0, -1.0, 0.31048299999999995, -0.0, -1.0, 0.0, 0.0, 0.0, 0.0, 0.0, 1.0], [-1.0, 0.0, -0.0, 0.0, 0.0, -0.0, -1.0, 0.320966, -0.0, -1.0, 0.0, 0.0, 0.0, 0.0, 0.0, 1.0], [-1.0, 0.0, -0.0, 0.0, 0.0, -0.0, -1.0, 0.320966, -0.0, -1.0, 0.0, 0.0, 0.0, 0.0, 0.0, 1.0]]}, {"name": "Shoulder_L", "time": [0.0, 0.05, 0.1, 0.15, 0.2, 0.3, 0.42, 0.55, 0.8], "transform": [[0.0885, -0.949454, -0.301172, 0.0, -0.003902, -0.302687, 0.953082, 0.4, -0.996069, -0.083172, -0.030493, 0.0, 0.0, 0.0, 0.0, 1.0], [0.0885, -0.949454, -0.301172, 0.0, -0.003902, -0.302687, 0.953082, 0.4, -0.996069, -0.083172, -0.030493, 0.0, 0.0, 0.0, 0.0, 1.0], [0.0885, -0.949454, -0.301172, 0.0, -0.003902, -0.302687, 0.953082, 0.4, -0.996069, -0.083172, -0.030493, 0.0, 0.0, 0.0, 0.0, 1.0], [0.0885, -0.949454, -0.301172, 0.0, -0.003902, -0.302687, 0.953082, 0.4, -0.996069, -0.083172, -0.030493, 0.0, 0.0, 0.0, 0.0, 1.0], [0.0885, -0.949454, -0.301172, 0.0, -0.003902, -0.302687, 0.953082, 0.4, -0.996069, -0.083172, -0.030493, 0.0, 0.0, 0.0, 0.0, 1.0], [0.0885, -0.949454, -0.301172, 0.0, -0.003902, -0.302687, 0.953082, 0.4, -0.996069, -0.083172, -0.030493, 0.0, 0.0, 0.0, 0.0, 1.0], [0.0909895, -0.9507840000000001, -0.2961375, 0.0, -0.1475025, -0.304215, 0.9298015, 0.4, -0.9740915, -0.041586, -0.168118, 0.0, 0.0, 0.0, 0.0, 1.0], [0.093479, -0.952114, -0.291103, 0.0, -0.291103, -0.305743, 0.906521, 0.4, -0.952114, 0.0, -0.305743, 0.0, 0.0, 0.0, 0.0, 1.0], [0.093479, -0.952114, -0.291103, 0.0, -0.291103, -0.305743, 0.906521, 0.4, -0.952114, 0.0, -0.305743, 0.0, 0.0, 0.0, 0.0, 1.0]]}, {"name": "Arm_L", "time": [0.0, 0.05, 0.1, 0.15, 0.2, 0.3, 0.42, 0.55, 0.8], "transform": [[0.159467, 0.003163, 0.987198, -0.0, -0.915361, 0.374973, 0.146661, 0.39386, -0.369709, -0.927031, 0.062691, -0.0, 0.0, 0.0, 0.0, 1.0], [0.159467, 0.003163, 0.987198, -0.0, -0.915361, 0.374973, 0.146661, 0.39386, -0.369709, -0.927031, 0.062691, -0.0, 0.0, 0.0, 0.0, 1.0], [0.159467, 0.003163, 0.987198, -0.0, -0.915361, 0.374973, 0.146661, 0.39386, -0.369709, -0.927031, 0.062691, -0.0, 0.0, 0.0, 0.0, 1.0], [0.159467, 0.003163, 0.987198, -0.0, -0.915361, 0.374973, 0.146661, 0.39386, -0.369709, -0.927031, 0.062691, -0.0, 0.0, 0.0, 0.0, 1.0], [0.159467, 0.003163, 0.987198, -0.0, -0.915361, 0.374973, 0.146661, 0.39386, -0.369709, -0.927031, 0.062691, -0.0, 0.0, 0.0, 0.0, 1.0], [0.159467, 0.003163, 0.987198, -0.0, -0.915361, 0.374973, 0.146661, 0.39386, -0.369709, -0.927031, 0.062691, -0.0, 0.0, 0.0, 0.0, 1.0], [0.15372550000000001, 0.036382, 0.9868680000000001, 0.0042785, -0.8892994999999999, 0.435423, 0.12058250000000001, 0.398269, -0.4261645, -0.896316, 0.0980775, -0.012241, 0.0, 0.0, 0.0, 1.0], [0.147984, 0.069601, 0.986538, 0.008557, -0.863238, 0.495873, 0.094504, 0.402678, -0.48262, -0.865601, 0.133464, -0.024482, 0.0, 0.0, 0.0, 1.0], [0.147984, 0.069601, 0.986538, 0.008557, -0.863238, 0.495873, 0.094504, 0.402678, -0.48262, -0.865601, 0.133464, -0.024482, 0.0, 0.0, 0.0, 1.0]]}, {"name": "Hand_L", "time": [0.0, 0.05, 0.1, 0.15, 0.2, 0.3, 0.42, 0.55, 0.8], "transform": [[0.99932, -0.036878, 0.000448, 0.0, 0.03687, 0.999235, 0.013035, 0.3, -0.000928, -0.013009, 0.999915, -0.0, 0.0, 0.0, 0.0, 1.0], [0.99932, -0.036878, 0.000448, 0.0, 0.03687, 0.999235, 0.013035, 0.3, -0.000928, -0.013009, 0.999915, -0.0, 0.0, 0.0, 0.0, 1.0], [0.99932, -0.036878, 0.000448, 0.0, 0.03687, 0.999235, 0.013035, 0.3, -0.000928, -0.013009, 0.999915, -0.0, 0.0, 0.0, 0.0, 1.0], [0.99932, -0.036878, 0.000448, 0.0, 0.03687, 0.999235, 0.013035, 0.3, -0.000928, -0.013009, 0.999915, -0.0, 0.0, 0.0, 0.0, 1.0], [0.99932, -0.036878, 0.000448, 0.0, 0.03687, 0.999235, 0.013035, 0.3, -0.000928, -0.013009, 0.999915, -0.0, 0.0, 0.0, 0.0, 1.0], [0.99932, -0.036878, 0.000448, 0.0, 0.03687, 0.999235, 0.013035, 0.3, -0.000928, -0.013009, 0.999915, -0.0, 0.0, 0.0, 0.0, 1.0], [0.99966, -0.018439, 0.000224, 0.0, 0.018435, 0.97115, -0.15978699999999998, 0.3, -0.000464, 0.1597995, 0.97149, 0.0, 0.0, 0.0, 0.0, 1.0], [1.0, 0.0, -0.0, 0.0, -0.0, 0.943065, -0.332609, 0.3, 0.0, 0.332608, 0.943065, 0.0, 0.0, 0.0, 0.0, 1.0], [1.0, 0.0, -0.0, 0.0, -0.0, 0.943065, -0.332609, 0.3, 0.0, 0.332608, 0.943065, 0.0, 0.0, 0.0, 0.0, 1.0]]}, {"name": "Tool_L", "time": [0.0, 0.05, 0.1, 0.15, 0.2, 0.3, 0.42, 0.55, 0.8], "transform": [[1.0, 0.0, 0.0, 0.0, 0.0, -0.999836, 0.018122, 0.272858, 0.0, -0.018122, -0.999248, 0.0, 0.0, 0.0, 0.0, 1.0], [1.0, 0.0, 0.0, 0.0, 0.0, -0.999836, 0.018122, 0.272858, 0.0, -0.018122, -0.999248, 0.0, 0.0, 0.0, 0.0, 1.0], [1.0, 0.0, 0.0, 0.0, 0.0, -0.999836, 0.018122, 0.272858, 0.0, -0.018122, -0.999248, 0.0, 0.0, 0.0, 0.0, 1.0], [1.0, 0.0, 0.0, 0.0, 0.0, -0.999836, 0.018122, 0.272858, 0.0, -0.018122, -0.999248, 0.0, 0.0, 0.0, 0.0, 1.0], [1.0, 0.0, 0.0, 0.0, 0.0, -0.999836, 0.018122, 0.272858, 0.0, -0.018122, -0.999248, 0.0, 0.0, 0.0, 0.0, 1.0], [1.0, 0.0, 0.0, 0.0, 0.0, -0.999836, 0.018122, 0.272858, 0.0, -0.018122, -0.999248, 0.0, 0.0, 0.0, 0.0, 1.0], [1.0, 0.0, 0.0, -0.0028945, 0.0, -0.9998355, 0.018122, 0.24161349999999998, 0.0, -0.018122, -0.9992455, 0.0309555, 0.0, 0.0, 0.0, 1.0], [1.0, 0.0, 0.0, -0.005789, 0.0, -0.999835, 0.018122, 0.210369, 0.0, -0.018122, -0.999243, 0.061911, 0.0, 0.0, 0.0, 1.0], [1.0, 0.0, 0.0, -0.005789, 0.0, -0.999835, 0.018122, 0.210369, 0.0, -0.018122, -0.999243, 0.061911, 0.0, 0.0, 0.0, 1.0]]}, {"name": "Elbow_L", "time": [0.0, 0.05, 0.1, 0.15, 0.2, 0.3, 0.42, 0.55, 0.8], "transform": [[-1.0, 0.0, -0.0, 0.0, 0.0, -0.0, -1.0, 0.3, -0.0, -1.0, -0.0, -0.0, 0.0, 0.0, 0.0, 1.0], [-1.0, 0.0, -0.0, 0.0, 0.0, -0.0, -1.0, 0.3, -0.0, -1.0, -0.0, -0.0, 0.0, 0.0, 0.0, 1.0], [-1.0, 0.0, -0.0, 0.0, 0.0, -0.0, -1.0, 0.3, -0.0, -1.0, -0.0, -0.0, 0.0, 0.0, 0.0, 1.0], [-1.0, 0.0, -0.0, 0.0, 0.0, -0.0, -1.0, 0.3, -0.0, -1.0, -0.0, -0.0, 0.0, 0.0, 0.0, 1.0], [-1.0, 0.0, -0.0, 0.0, 0.0, -0.0, -1.0, 0.3, -0.0, -1.0, -0.0, -0.0, 0.0, 0.0, 0.0, 1.0], [-1.0, 0.0, -0.0, 0.0, 0.0, -0.0, -1.0, 0.3, -0.0, -1.0, -0.0, -0.0, 0.0, 0.0, 0.0, 1.0], [-1.0, 0.0, -0.0, 0.0, 0.0, -0.0, -1.0, 0.3210495, -0.0, -1.0, -0.0, 0.0, 0.0, 0.0, 0.0, 1.0], [-1.0, 0.0, -0.0, 0.0, 0.0, -0.0, -1.0, 0.342099, -0.0, -1.0, -0.0, 0.0, 0.0, 0.0, 0.0, 1.0], [-1.0, 0.0, -0.0, 0.0, 0.0, -0.0, -1.0, 0.342099, -0.0, -1.0, -0.0, 0.0, 0.0, 0.0, 0.0, 1.0]]}]}