{"animation": [{"name": "Root", "time": [0.0, 0.35, 0.7, 1.3, 1.7, 2.1, 2.8], "transform": [[0.854689, 0.0, -0.51914, 0.0, -0.51914, 0.0, -0.854689, 0.0, 0.0, 1.0, 0.0, 0.0, 0.0, 0.0, 0.0, 1.0], [0.845301, 0.147809, -0.513438, 0.0, -0.51914, 0.0, -0.854689, 0.0, -0.126331, 0.989016, 0.076734, 0.0, 0.0, 0.0, 0.0, 1.0], [0.836012, 0.207912, -0.507796, 0.0, -0.51914, 0.0, -0.854689, 0.0, -0.1777, 0.978148, 0.107935, 0.0, 0.0, 0.0, 0.0, 1.0], [0.828033, 0.173648, -0.533111, 0.0, -0.541335, 0.0, -0.840807, 0.0, -0.146005, 0.984808, 0.094002, 0.0, 0.0, 0.0, 0.0, 1.0], [0.860333, -0.087156, -0.502226, 0.0, -0.504145, 0.0, -0.863619, 0.0, 0.075269, 0.996195, -0.043939, 0.0, 0.0, 0.0, 0.0, 1.0], [0.850007, 0.104528, -0.516296, 0.0, -0.51914, 0.0, -0.854689, 0.0, -0.089339, 0.994522, 0.054265, 0.0, 0.0, 0.0, 0.0, 1.0], [0.854689, 0.0, -0.51914, 0.0, -0.51914, 0.0, -0.854689, 0.0, 0.0, 1.0, 0.0, 0.0, 0.0, 0.0, 0.0, 1.0]]}, {"name": "Thigh_R", "time": [0.0, 0.35, 0.7, 1.7, 2.8], "transform": [[0.996123, 0.056386, -0.067528, 0.0, 0.068868, -0.977428, 0.199728, 0.0, -0.054742, -0.203604, -0.977522, 0.0, 0.0, 0.0, 0.0, 1.0], [0.995482, 0.092496, -0.021474, 0.0, 0.094714, -0.98337, 0.154957, 0.0, -0.006784, -0.156291, -0.987688, 0.0, 0.0, 0.0, 0.0, 1.0], [0.994105, 0.107864, 0.011023, 0.0, 0.105572, -0.986089, 0.128387, 0.0, 0.024718, -0.126467, -0.991663, 0.0, 0.0, 0.0, 0.0, 1.0], [0.992253, 0.066285, -0.105075, 0.0, 0.081444, -0.985741, 0.147248, 0.0, -0.093817, -0.154665, -0.983503, 0.0, 0.0, 0.0, 0.0, 1.0], [0.996123, 0.056386, -0.067528, 0.0, 0.068868, -0.977428, 0.199728, 0.0, -0.054742, -0.203604, -0.977522, 0.0, 0.0, 0.0, 0.0, 1.0]]}, {"name": "Leg_R", "time": [0.0, 0.35, 0.7, 1.7, 2.8], "transform": [[1.0, 0.0, 2e-06, 0.0, 0.0, 0.966098, 0.258173, 0.0, -2e-06, -0.258173, 0.966099, 0.0, 0.0, 0.0, 0.0, 1.0], [1.0, 0.0, 2e-06, 0.0, -0.0, 0.951262, 0.308381, 0.0, -2e-06, -0.308381, 0.951263, 0.0, 0.0, 0.0, 0.0, 1.0], [1.0, 0.0, 2e-06, 0.0, -0.0, 0.936905, 0.349581, 0.0, -2e-06, -0.349581, 0.936906, 0.0, 0.0, 0.0, 0.0, 1.0], [1.0, 0.0, 2e-06, 0.0, -0.0, 0.956499, 0.291732, 0.0, -2e-06, -0.291732, 0.9565, 0.0, 0.0, 0.0, 0.0, 1.0], [1.0, 0.0, 2e-06, 0.0, 0.0, 0.966098, 0.258173, 0.0, -2e-06, -0.258173, 0.966099, 0.0, 0.0, 0.0, 0.0, 1.0]]}, {"name": "Knee_R", "time": [0.0, 2.8], "transform": [[1.0, 0.0, -0.0, -0.0, -0.0, 1e-06, -1.0, 0.37472, -0.0, 1.0, 1e-06, -0.0, 0.0, 0.0, 0.0, 1.0], [1.0, 0.0, -0.0, -0.0, -0.0, 1e-06, -1.0, 0.37472, -0.0, 1.0, 1e-06, -0.0, 0.0, 0.0, 0.0, 1.0]]}, {"name": "Thigh_L", "time": [0.0, 0.35, 0.7, 1.7, 2.8], "transform": [[0.866589, -0.133702, -0.480778, 0.0, -0.027838, -0.974889, 0.220935, 0.0, -0.498245, -0.178075, -0.848552, 0.0, 0.0, 0.0, 0.0, 1.0], [0.847648, -0.165294, -0.504155, 0.0, -0.022803, -0.960701, 0.27664, 0.0, -0.530069, -0.222996, -0.818107, 0.0, 0.0, 0.0, 0.0, 1.0], [0.837828, -0.176734, -0.516536, 0.0, -0.005769, -0.948962, 0.315333, 0.0, -0.545904, -0.261214, -0.796088, 0.0, 0.0, 0.0, 0.0, 1.0], [0.874535, -0.147565, -0.461967, 0.0, -0.026073, -0.965509, 0.259052, 0.0, -0.484261, -0.214504, -0.848221, 0.0, 0.0, 0.0, 0.0, 1.0], [0.866589, -0.133702, -0.480778, 0.0, -0.027838, -0.974889, 0.220935, 0.0, -0.498245, -0.178075, -0.848552, 0.0, 0.0, 0.0, 0.0, 1.0]]}, {"name": "Leg_L", "time": [0.0, 0.35, 0.7, 1.7, 2.8], "transform": [[1.0, 0.0, 1e-06, 0.0, 0.0, 0.984974, 0.172708, 0.0, -1e-06, -0.172708, 0.984972, 0.0, 0.0, 0.0, 0.0, 1.0], [1.0, 0.0, 1e-06, 0.0, -0.0, 0.980116, 0.198432, 0.0, -1e-06, -0.198432, 0.980114, 0.0, 0.0, 0.0, 0.0, 1.0], [1.0, 0.0, 1e-06, 0.0, -0.0, 0.974585, 0.224021, 0.0, -1e-06, -0.224021, 0.974583, 0.0, 0.0, 0.0, 0.0, 1.0], [1.0, 0.0, 1e-06, 0.0, -0.0, 0.98181, 0.189872, 0.0, -1e-06, -0.189872, 0.981808, 0.0, 0.0, 0.0, 0.0, 1.0], [1.0, 0.0, 1e-06, 0.0, 0.0, 0.984974, 0.172708, 0.0, -1e-06, -0.172708, 0.984972, 0.0, 0.0, 0.0, 0.0, 1.0]]}, {"name": "Knee_L", "time": [0.0, 2.8], "transform": [[1.0, 0.0, -0.0, 0.0, -0.0, 1e-06, -1.0, 0.37472, -0.0, 1.0, 1e-06, 0.0, 0.0, 0.0, 0.0, 1.0], [1.0, 0.0, -0.0, 0.0, -0.0, 1e-06, -1.0, 0.37472, -0.0, 1.0, 1e-06, 0.0, 0.0, 0.0, 0.0, 1.0]]}, {"name": "Torso", "time": [0.0, 0.35, 0.7, 1.3, 1.7, 2.1, 2.8], "transform": [[0.99978, -0.020971, -0.000197, 0.0, 0.020971, 0.999603, 0.018833, 0.0, -0.000198, -0.018833, 0.999823, 0.0, 0.0, 0.0, 0.0, 1.0], [0.996153, -0.008627, 0.087206, 0.0, 0.003193, 0.998055, 0.062261, 0.0, -0.087573, -0.061743, 0.994243, 0.0, 0.0, 0.0, 0.0, 1.0], [0.992522, -0.002327, 0.122044, 0.0, -0.008486, 0.996084, 0.08801, 0.0, -0.121771, -0.088387, 0.988615, 0.0, 0.0, 0.0, 0.0, 1.0], [0.995371, -0.005311, 0.09596, 0.0, -0.001512, 0.997483, 0.070893, 0.0, -0.096095, -0.07071, 0.992858, 0.0, 0.0, 0.0, 0.0, 1.0], [0.994104, -0.027562, -0.104869, 0.0, 0.026955, 0.999611, -0.007204, 0.0, 0.105027, 0.004335, 0.99446, 0.0, 0.0, 0.0, 0.0, 1.0], [0.998495, -0.016701, 0.052228, 0.0, 0.014356, 0.998886, 0.044964, 0.0, -0.052921, -0.044146, 0.997623, 0.0, 0.0, 0.0, 0.0, 1.0], [0.99978, -0.020971, -0.000197, 0.0, 0.020971, 0.999603, 0.018833, 0.0, -0.000198, -0.018833, 0.999823, 0.0, 0.0, 0.0, 0.0, 1.0]]}, {"name": "Chest", "time": [0.0, 0.3, 0.7, 1.0, 1.3, 1.55, 1.7, 2.1, 2.8], "transform": [[0.999771, -0.021411, -0.000206, 0.0, 0.021411, 0.999586, 0.019228, 0.0, -0.000206, -0.019228, 0.999815, 0.0, 0.0, 0.0, 0.0, 1.0], [0.990228, 0.00204, 0.139442, 0.0, -0.018104, 0.993313, 0.11403, 0.0, -0.138277, -0.11544, 0.983643, 0.0, 0.0, 0.0, 0.0, 1.0], [0.983128, 0.009757, 0.182659, 0.0, -0.03875, 0.987022, 0.155842, 0.0, -0.178768, -0.160291, 0.970746, 0.0, 0.0, 0.0, 0.0, 1.0], [0.986879, 0.036156, 0.157362, 0.0, -0.055806, 0.990922, 0.122306, 0.0, -0.151511, -0.129483, 0.979938, 0.0, 0.0, 0.0, 0.0, 1.0], [0.992924, -0.057985, 0.103637, 0.0, 0.046962, 0.993277, 0.105806, 0.0, -0.109076, -0.100191, 0.988971, 0.0, 0.0, 0.0, 0.0, 1.0], [0.989176, -0.044431, -0.13985, 0.0, 0.042701, 0.99897, -0.015346, 0.0, 0.140387, 0.009208, 0.990054, 0.0, 0.0, 0.0, 0.0, 1.0], [0.97664, -0.051055, -0.208731, 0.0, 0.045359, 0.998459, -0.031991, 0.0, 0.210042, 0.021775, 0.97745, 0.0, 0.0, 0.0, 0.0, 1.0], [0.996894, -0.005459, 0.078574, 0.0, -0.000163, 0.99745, 0.071367, 0.0, -0.078763, -0.071158, 0.99435, 0.0, 0.0, 0.0, 0.0, 1.0], [0.999771, -0.021411, -0.000206, 0.0, 0.021411, 0.999586, 0.019228, 0.0, -0.000206, -0.019228, 0.999815, 0.0, 0.0, 0.0, 0.0, 1.0]]}, {"name": "Head", "time": [0.0, 0.3, 0.7, 1.0, 1.3, 1.5, 1.55, 1.7, 2.1, 2.5, 2.8], "transform": [[0.85311, 0.037721, 0.520365, 0.0, -0.006297, 0.998055, -0.062025, 0.0, -0.521693, 0.049637, 0.851688, 0.0, 0.0, 0.0, 0.0, 1.0], [0.609641, -0.017571, 0.792482, 0.0, 0.230059, 0.960644, -0.155681, 0.0, -0.758558, 0.277227, 0.58969, 0.0, 0.0, 0.0, 0.0, 1.0], [0.552001, -0.040448, 0.832862, 0.0, 0.302398, 0.940537, -0.154746, 0.0, -0.777078, 0.337276, 0.531408, 0.0, 0.0, 0.0, 0.0, 1.0], [0.50681, -0.054606, 0.860326, 0.0, 0.268012, 0.958516, -0.097046, 0.0, -0.819337, 0.279761, 0.500421, 0.0, 0.0, 0.0, 0.0, 1.0], [0.64798, 0.090901, 0.756213, 0.0, 0.038616, 0.987655, -0.15181, 0.0, -0.760678, 0.127571, 0.63647, 0.0, 0.0, 0.0, 0.0, 1.0], [0.824666, 0.038443, 0.564312, 0.0, -0.0245, 0.999179, -0.032264, 0.0, -0.56509, 0.012781, 0.824931, 0.0, 0.0, 0.0, 0.0, 1.0], [0.89437, 0.062178, 0.442984, 0.0, -0.069302, 0.997596, -0.000104, 0.0, -0.441926, -0.030607, 0.896529, 0.0, 0.0, 0.0, 0.0, 1.0], [0.939231, 0.101059, 0.328074, 0.0, -0.034774, 0.978779, -0.201946, 0.0, -0.341521, 0.178265, 0.922813, 0.0, 0.0, 0.0, 0.0, 1.0], [0.73835, 0.013933, 0.674273, 0.0, 0.055886, 0.995084, -0.081759, 0.0, -0.672098, 0.098049, 0.733942, 0.0, 0.0, 0.0, 0.0, 1.0], [0.843885, 0.037973, 0.535178, 0.0, -0.00578, 0.998078, -0.061704, 0.0, -0.536493, 0.048977, 0.842482, 0.0, 0.0, 0.0, 0.0, 1.0], [0.85311, 0.037721, 0.520365, 0.0, -0.006297, 0.998055, -0.062025, 0.0, -0.521693, 0.049637, 0.851688, 0.0, 0.0, 0.0, 0.0, 1.0]]}, {"name": "Shoulder_R", "time": [0.0, 2.8], "transform": [[0.089555, 0.949274, 0.301428, 0.0, -0.003656, -0.302328, 0.953197, 0.4, 0.995975, -0.086466, -0.023605, 0.0, 0.0, 0.0, 0.0, 1.0], [0.089555, 0.949274, 0.301428, 0.0, -0.003656, -0.302328, 0.953197, 0.4, 0.995975, -0.086466, -0.023605, 0.0, 0.0, 0.0, 0.0, 1.0]]}, {"name": "Arm_R", "time": [0.0, 0.25, 0.4, 0.7, 1.0, 1.3, 1.5, 1.55, 1.65, 1.7, 2.1, 2.5, 2.8], "transform": [[0.021071, 0.013447, -0.999687, 0.0, 0.946416, 0.322036, 0.02428, 0.0, 0.322262, -0.946632, -0.005941, 0.0, 0.0, 0.0, 0.0, 1.0], [-0.063055, 0.257995, -0.964086, 0.0, 0.445252, 0.871815, 0.204182, 0.0, 0.893182, -0.416387, -0.169845, 0.0, 0.0, 0.0, 0.0, 1.0], [-0.023984, 0.145062, -0.989131, 0.0, -0.238347, 0.960055, 0.146577, 0.0, 0.970884, 0.239272, 0.011549, 0.0, 0.0, 0.0, 0.0, 1.0], [0.049078, -0.069109, -0.996401, 0.0, -0.40047, 0.912542, -0.083017, 0.0, 0.914995, 0.403103, 0.01711, 0.0, 0.0, 0.0, 0.0, 1.0], [0.103761, -0.232018, -0.967161, 0.0, -0.305828, 0.917857, -0.252999, 0.0, 0.946416, 0.322036, 0.02428, 0.0, 0.0, 0.0, 0.0, 1.0], [0.065716, -0.11843, -0.990785, 0.0, -0.282971, 0.949958, -0.132318, 0.0, 0.956874, 0.289059, 0.028915, 0.0, 0.0, 0.0, 0.0, 1.0], [-0.117097, 0.412251, -0.903513, 0.0, 0.212557, 0.899094, 0.382687, 0.0, 0.970107, -0.147237, -0.192908, 0.0, 0.0, 0.0, 0.0, 1.0], [-0.167582, 0.553981, -0.815488, 0.0, 0.547544, 0.740176, 0.3903, 0.0, 0.819824, -0.381109, -0.427369, 0.0, 0.0, 0.0, 0.0, 1.0], [0.13002, -0.311131, -0.94143, 0.0, -0.376981, 0.862672, -0.337167, 0.0, 0.91705, 0.39874, -0.005126, 0.0, 0.0, 0.0, 0.0, 1.0], [-0.035209, 0.177624, -0.983468, 0.0, -0.353859, 0.91811, 0.178488, 0.0, 0.934636, 0.354293, 0.030528, 0.0, 0.0, 0.0, 0.0, 1.0], [-0.007096, 0.0959, -0.995365, 0.0, 0.36101, 0.928506, 0.086885, 0.0, 0.932535, -0.358721, -0.04121, 0.0, 0.0, 0.0, 0.0, 1.0], [0.009811, 0.046476, -0.998871, 0.0, 0.830621, 0.555799, 0.034019, 0.0, 0.556752, -0.830017, -0.033151, 0.0, 0.0, 0.0, 0.0, 1.0], [0.021071, 0.013447, -0.999687, 0.0, 0.946416, 0.322036, 0.02428, 0.0, 0.322262, -0.946632, -0.005941, 0.0, 0.0, 0.0, 0.0, 1.0]]}, {"name": "Hand_R", "time": [0.0, 0.25, 0.4, 0.7, 1.0, 1.3, 1.5, 1.55, 1.65, 1.7, 2.1, 2.5, 2.8], "transform": [[0.999985, 0.001325, 0.005391, 0.0, -0.00125, 0.999903, -0.013885, 0.0, -0.005409, 0.013878, 0.999889, 0.0, 0.0, 0.0, 0.0, 1.0], [0.989584, 0.0512, -0.134546, 0.0, -0.09225, 0.943041, -0.319632, 0.0, 0.110517, 0.328714, 0.937941, 0.0, 0.0, 0.0, 0.0, 1.0], [0.96353, 0.081861, -0.254772, 0.0, -0.217285, 0.795039, -0.566304, 0.0, 0.156195, 0.601009, 0.783831, 0.0, 0.0, 0.0, 0.0, 1.0], [0.899602, 0.121446, -0.419484, 0.0, -0.381045, 0.687564, -0.61811, 0.0, 0.213356, 0.715896, 0.66481, 0.0, 0.0, 0.0, 0.0, 1.0], [0.804129, 0.163396, -0.571558, 0.0, -0.507385, 0.68963, -0.516693, 0.0, 0.309738, 0.705488, 0.637456, 0.0, 0.0, 0.0, 0.0, 1.0], [0.936258, 0.094707, -0.338308, 0.0, -0.259107, 0.836458, -0.48291, 0.0, 0.237246, 0.539786, 0.807679, 0.0, 0.0, 0.0, 0.0, 1.0], [0.980214, -0.082114, 0.18011, 0.0, 0.129137, 0.954874, -0.26747, 0.0, -0.150019, 0.285436, 0.946583, 0.0, 0.0, 0.0, 0.0, 1.0], [0.895346, -0.119067, 0.429161, 0.0, 0.195527, 0.97086, -0.138565, 0.0, -0.400157, 0.207976, 0.892536, 0.0, 0.0, 0.0, 0.0, 1.0], [0.855372, 0.14456, -0.497435, 0.0, -0.468444, 0.625786, -0.62366, 0.0, 0.221131, 0.766482, 0.602998, 0.0, 0.0, 0.0, 0.0, 1.0], [0.948991, 0.079849, -0.305026, 0.0, -0.246011, 0.79261, -0.557896, 0.0, 0.197219, 0.604478, 0.771823, 0.0, 0.0, 0.0, 0.0, 1.0], [0.99036, 0.033936, -0.134302, 0.0, -0.079704, 0.932561, -0.352104, 0.0, 0.113296, 0.359414, 0.926275, 0.0, 0.0, 0.0, 0.0, 1.0], [0.999565, 0.00084, -0.029508, 0.0, -0.005343, 0.988235, -0.152849, 0.0, 0.029032, 0.15294, 0.987809, 0.0, 0.0, 0.0, 0.0, 1.0], [0.999985, 0.001325, 0.005391, 0.0, -0.00125, 0.999903, -0.013885, 0.0, -0.005409, 0.013878, 0.999889, 0.0, 0.0, 0.0, 0.0, 1.0]]}, {"name": "Tool_R", "time": [0.0, 2.8], "transform": [[1.0, 0.0, 0.0, 0.0, 0.0, -0.999836, 0.018122, 0.272858, 0.0, -0.018122, -0.999244, -0.0, 0.0, 0.0, 0.0, 1.0], [1.0, 0.0, 0.0, 0.0, 0.0, -0.999836, 0.018122, 0.272858, 0.0, -0.018122, -0.999244, -0.0, 0.0, 0.0, 0.0, 1.0]]}, {"name": "Elbow_R", "time": [0.0, 2.8], "transform": [[-1.0, 0.0, -0.0, 0.0, 0.0, -0.0, -1.0, 0.3, -0.0, -1.0, 0.0, 0.0, 0.0, 0.0, 0.0, 1.0], [-1.0, 0.0, -0.0, 0.0, 0.0, -0.0, -1.0, 0.3, -0.0, -1.0, 0.0, 0.0, 0.0, 0.0, 0.0, 1.0]]}, {"name": "Shoulder_L", "time": [0.0, 2.8], "transform": [[0.0885, -0.949454, -0.301172, 0.0, -0.003902, -0.302687, 0.953082, 0.4, -0.996069, -0.083172, -0.030493, 0.0, 0.0, 0.0, 0.0, 1.0], [0.0885, -0.949454, -0.301172, 0.0, -0.003902, -0.302687, 0.953082, 0.4, -0.996069, -0.083172, -0.030493, 0.0, 0.0, 0.0, 0.0, 1.0]]}, {"name": "Arm_L", "time": [0.0, 0.35, 0.6, 0.7, 1.0, 1.3, 1.5, 1.7, 2.1, 2.8], "transform": [[0.159467, 0.003163, 0.987198, 0.0, -0.915361, 0.374973, 0.146661, 0.0, -0.369709, -0.927031, 0.062691, 0.0, 0.0, 0.0, 0.0, 1.0], [0.209369, 0.13215, 0.968866, 0.0, -0.941852, 0.293575, 0.163488, 0.0, -0.26283, -0.946758, 0.185931, 0.0, 0.0, 0.0, 0.0, 1.0], [0.249721, 0.242989, 0.937334, 0.0, -0.69612, 0.717926, -0.000653, 0.0, -0.673095, -0.652335, 0.34843, 0.0, 0.0, 0.0, 0.0, 1.0], [0.276298, 0.320036, 0.906221, 0.0, -0.285123, 0.927773, -0.240715, 0.0, -0.917804, -0.191876, 0.34759, 0.0, 0.0, 0.0, 0.0, 1.0], [0.265908, 0.289477, 0.919509, 0.0, -0.112839, 0.956639, -0.268534, 0.0, -0.957372, -0.032351, 0.287042, 0.0, 0.0, 0.0, 0.0, 1.0], [0.232849, 0.195834, 0.952591, 0.0, -0.206505, 0.967135, -0.148347, 0.0, -0.950335, -0.162173, 0.265637, 0.0, 0.0, 0.0, 0.0, 1.0], [0.191082, 0.083947, 0.977978, 0.0, -0.738945, 0.668122, 0.087029, 0.0, -0.646102, -0.739302, 0.189698, 0.0, 0.0, 0.0, 0.0, 1.0], [0.126638, -0.077645, 0.988905, 0.0, -0.945189, 0.293033, 0.144047, 0.0, -0.300967, -0.952945, -0.03628, 0.0, 0.0, 0.0, 0.0, 1.0], [0.178598, 0.051676, 0.982564, 0.0, -0.927397, 0.342442, 0.15056, 0.0, -0.328691, -0.938118, 0.109083, 0.0, 0.0, 0.0, 0.0, 1.0], [0.159467, 0.003163, 0.987198, 0.0, -0.915361, 0.374973, 0.146661, 0.0, -0.369709, -0.927031, 0.062691, 0.0, 0.0, 0.0, 0.0, 1.0]]}, {"name": "Hand_L", "time": [0.0, 0.35, 0.6, 0.7, 1.0, 1.3, 1.5, 1.7, 2.8], "transform": [[0.99932, -0.036878, 0.000448, 0.0, 0.03687, 0.999235, 0.013035, 0.0, -0.000928, -0.013009, 0.999915, 0.0, 0.0, 0.0, 0.0, 1.0], [0.99932, -0.036878, 0.000448, 0.0, 0.036811, 0.996566, -0.074163, 0.0, 0.002289, 0.07413, 0.997246, 0.0, 0.0, 0.0, 0.0, 1.0], [0.995436, -0.037871, 0.087595, 0.0, 0.070615, 0.909733, -0.409144, 0.0, -0.064192, 0.413463, 0.908256, 0.0, 0.0, 0.0, 0.0, 1.0], [0.97729, -0.038777, 0.208332, 0.0, 0.179749, 0.672377, -0.718052, 0.0, -0.112233, 0.739192, 0.664077, 0.0, 0.0, 0.0, 0.0, 1.0], [0.96557, 0.011574, 0.259888, 0.0, 0.203842, 0.587032, -0.78348, 0.0, -0.16163, 0.809481, 0.564461, 0.0, 0.0, 0.0, 0.0, 1.0], [0.990137, -0.003774, 0.140055, 0.0, 0.095205, 0.751516, -0.652809, 0.0, -0.102789, 0.659704, 0.744463, 0.0, 0.0, 0.0, 0.0, 1.0], [0.997902, -0.037508, 0.052779, 0.0, 0.04939, 0.96805, -0.245845, 0.0, -0.041871, 0.247937, 0.967871, 0.0, 0.0, 0.0, 0.0, 1.0], [0.99932, -0.036878, 0.000448, 0.0, 0.036811, 0.996566, -0.074163, 0.0, 0.002289, 0.07413, 0.997246, 0.0, 0.0, 0.0, 0.0, 1.0], [0.99932, -0.036878, 0.000448, 0.0, 0.03687, 0.999235, 0.013035, 0.0, -0.000928, -0.013009, 0.999915, 0.0, 0.0, 0.0, 0.0, 1.0]]}, {"name": "Tool_L", "time": [0.0, 2.8], "transform": [[1.0, 0.0, 0.0, 0.0, 0.0, -0.999836, 0.018122, 0.272858, 0.0, -0.018122, -0.999248, 0.0, 0.0, 0.0, 0.0, 1.0], [1.0, 0.0, 0.0, 0.0, 0.0, -0.999836, 0.018122, 0.272858, 0.0, -0.018122, -0.999248, 0.0, 0.0, 0.0, 0.0, 1.0]]}, {"name": "Elbow_L", "time": [0.0, 2.8], "transform": [[-1.0, 0.0, -0.0, 0.0, 0.0, -0.0, -1.0, 0.3, -0.0, -1.0, -0.0, -0.0, 0.0, 0.0, 0.0, 1.0], [-1.0, 0.0, -0.0, 0.0, 0.0, -0.0, -1.0, 0.3, -0.0, -1.0, -0.0, -0.0, 0.0, 0.0, 0.0, 1.0]]}]}