{
    "_comment": "重击蓄力静态 hold 姿势。右臂 5 关节取自 EF steel_whirlwind_charging.json t=0 帧（剑高举头后准备劈砍）。两帧相同实现静态保持。坐标系由 loadEFAnimation 自动转换。",
    "animation": [
        {
            "name": "Shoulder_R",
            "time": [0.0, 1.0],
            "transform": [
                [0.0, 0.952114, 0.305743, -0.0, 0.0, -0.305743, 0.952114, 0.4, 1.0, 0.0, -0.0, -0.0, 0.0, 0.0, 0.0, 1.0],
                [0.0, 0.952114, 0.305743, -0.0, 0.0, -0.305743, 0.952114, 0.4, 1.0, 0.0, -0.0, -0.0, 0.0, 0.0, 0.0, 1.0]
            ]
        },
        {
            "name": "Arm_R",
            "time": [0.0, 1.0],
            "transform": [
                [-0.133161, -0.84572, -0.516745, 0.061544, 0.953853, 0.032225, -0.298541, 0.372116, 0.269134, -0.532652, 0.802402, -0.073815, 0.0, 0.0, 0.0, 1.0],
                [-0.133161, -0.84572, -0.516745, 0.061544, 0.953853, 0.032225, -0.298541, 0.372116, 0.269134, -0.532652, 0.802402, -0.073815, 0.0, 0.0, 0.0, 1.0]
            ]
        },
        {
            "name": "Hand_R",
            "time": [0.0, 1.0],
            "transform": [
                [1.0, 0.0, -0.0, -0.0, -0.0, 0.137741, -0.990468, 0.3, -0.0, 0.990468, 0.137741, -0.0, 0.0, 0.0, 0.0, 1.0],
                [1.0, 0.0, -0.0, -0.0, -0.0, 0.137741, -0.990468, 0.3, -0.0, 0.990468, 0.137741, -0.0, 0.0, 0.0, 0.0, 1.0]
            ]
        },
        {
            "name": "Tool_R",
            "time": [0.0, 1.0],
            "transform": [
                [0.999988, 0.004863, 0.000219, 0.010061, 0.004734, -0.981855, 0.189574, 0.220343, 0.001136, -0.189469, -0.981283, -0.020904, 0.0, 0.0, 0.0, 1.0],
                [0.999988, 0.004863, 0.000219, 0.010061, 0.004734, -0.981855, 0.189574, 0.220343, 0.001136, -0.189469, -0.981283, -0.020904, 0.0, 0.0, 0.0, 1.0]
            ]
        }
    ]
}
